0 FILE main.ldr
0 Name: test1
0 !LICENSE Free for non-commercial use.
1 72 -160 0 216 0 -1 0 1 0 0 0 0 1 228-2500-014.dat
1 72 -232 0 248 0 -1 0 1 0 0 0 0 1 228-2500-016.dat
1 72 -96 0 216 0 1 0 -1 0 0 0 0 1 228-2500-025.dat
0 FILE VEXTreadClosed-1.ldr
0 Author: LDCad
0 !KEYWORDS flexible, chain
0 !LDCAD CONTENT [type=path] [addFallBack=default] [looped=true] [displayKind=links] [curveStep=16] [displayLenCor=0]

0 !LDCAD PATH_POINT [type=circle] [posOri=0 0 8 1 0 0 0 1 0 0 0 1] [prevCPDist=25] [nextCPDist=25] [cirR=41] [cirDir=xyCW] [prevYRoll=0] [nextYRoll=0]
0 !LDCAD PATH_POINT [type=circle] [posOri=192 0 8 1 0 0 0 1 0 0 0 1] [prevCPDist=25] [nextCPDist=25] [cirR=41] [cirDir=xyCW] [prevYRoll=0] [nextYRoll=0]

0 !LDCAD PATH_SKIN [donCol=16] [donOri=0 1 0 0 0 1 1 0 0] [donPart=228-2500-231.dat] [donYSize=100%] [donCen=partCen] [donCenYOfs=0] [donFinScale=none] [donPlace=refsStat] [donYAlign=1] [donInline=false] [segSize=16] [segSizeTol=0] [segsCnt=0] [segsGrp=0] [segsMaxMerge=1] [segsMrgAng=0] [segsMrgRollAng=0] [segsEdgeDelKind=keepFirstLeft]

0 !LDCAD GENERATED [generator=LDCad 1.5]
0 //This is the fallback LDraw content for above PATH configuration.
0 // Do not edit, any changes will be lost upon regeneration.
0 // The path is approx 255.89 mm (639.72) and exists out of 40 segments.

0 //Some general hints about the document.
0 UNOFFICIAL PART 
0 BFC CERTIFY CCW

0 //Segments
1 16 -37.810113 -15.678795 8 0 0.979925 -0.199368 0 0.199368 0.979925 1 0 0 228-2500-231.dat
1 16 -28.914658 -28.978076 8 0 0.831205 -0.555966 0 0.555966 0.831205 1 0 0 228-2500-231.dat
1 16 -15.601522 -37.852783 8 0 0.554669 -0.832071 0 0.832071 0.554669 1 0 0 228-2500-231.dat
1 16 0.111294 -40.870632 8 0 0.188616 -0.982051 0 0.982051 0.188616 1 0 0 228-2500-231.dat
1 16 16.110809 -40.995124 8 0 0.007781 -0.99997 0 0.99997 0.007781 1 0 0 228-2500-231.dat
1 16 32.110809 -40.999751 8 0 0.000289 -1 0 1 0.000289 1 0 0 228-2500-231.dat
1 16 48.110809 -40.999974 8 0 0.000014 -1 0 1 0.000014 1 0 0 228-2500-231.dat
1 16 64.110809 -40.999997 8 0 0.000001 -1 0 1 0.000001 1 0 0 228-2500-231.dat
1 16 80.110809 -41 8 0 0 -1 0 1 0 1 0 0 228-2500-231.dat
1 16 96.110809 -41 8 0 0 -1 0 1 0 1 0 0 228-2500-231.dat
1 16 112.110809 -41 8 0 0 -1 0 1 0 1 0 0 228-2500-231.dat
1 16 128.110809 -41 8 0 0 -1 0 1 0 1 0 0 228-2500-231.dat
1 16 144.110809 -41 8 0 0 -1 0 1 0 1 0 0 228-2500-231.dat
1 16 160.110809 -41 8 0 0 -1 0 1 0 1 0 0 228-2500-231.dat
1 16 176.110809 -41 8 0 0 -1 0 1 0 1 0 0 228-2500-231.dat
1 16 192.110809 -40.998463 8 0 -0.000096 -1 0 1 -0.000096 1 0 0 228-2500-231.dat
1 16 207.785548 -37.788704 8 0 -0.20061 -0.979671 0 0.979671 -0.20061 1 0 0 228-2500-231.dat
1 16 221.061993 -28.859202 8 0 -0.558094 -0.829778 0 0.829778 -0.558094 1 0 0 228-2500-231.dat
1 16 229.904568 -15.524703 8 0 -0.833406 -0.552661 0 0.552661 -0.833406 1 0 0 228-2500-231.dat
1 16 232.963826 0.180103 8 0 -0.98155 -0.191204 0 0.191204 -0.98155 1 0 0 228-2500-231.dat
1 16 229.773494 15.858808 8 0 -0.979919 0.199396 0 -0.199396 -0.979919 1 0 0 228-2500-231.dat
1 16 220.820769 29.119604 8 0 -0.8288 0.559545 0 -0.559545 -0.8288 1 0 0 228-2500-231.dat
1 16 207.471616 37.940041 8 0 -0.551277 0.834322 0 -0.834322 -0.551277 1 0 0 228-2500-231.dat
1 16 191.747744 40.899747 8 0 -0.184982 0.982742 0 -0.982742 -0.184982 1 0 0 228-2500-231.dat
1 16 175.74804 40.997047 8 0 -0.006081 0.999982 0 -0.999982 -0.006081 1 0 0 228-2500-231.dat
1 16 159.74804 40.999873 8 0 -0.000177 1 0 -1 -0.000177 1 0 0 228-2500-231.dat
1 16 143.74804 40.999987 8 0 -0.000007 1 0 -1 -0.000007 1 0 0 228-2500-231.dat
1 16 127.74804 40.999999 8 0 -0.000001 1 0 -1 -0.000001 1 0 0 228-2500-231.dat
1 16 111.74804 41 8 0 0 1 0 -1 0 1 0 0 228-2500-231.dat
1 16 95.74804 41 8 0 0 1 0 -1 0 1 0 0 228-2500-231.dat
1 16 79.74804 41 8 0 0 1 0 -1 0 1 0 0 228-2500-231.dat
1 16 63.74804 41 8 0 0 1 0 -1 0 1 0 0 228-2500-231.dat
1 16 47.74804 41 8 0 0 1 0 -1 0 1 0 0 228-2500-231.dat
1 16 31.74804 41 8 0 0 1 0 -1 0 1 0 0 228-2500-231.dat
1 16 15.74804 41 8 0 0 1 0 -1 0 1 0 0 228-2500-231.dat
1 16 -0.25196 40.998449 8 0 0.000097 1 0 -1 0.000097 1 0 0 228-2500-231.dat
1 16 -15.921032 37.761141 8 0 0.202332 0.979317 0 -0.979317 0.202332 1 0 0 228-2500-231.dat
1 16 -29.168137 28.78817 8 0 0.560811 0.827944 0 -0.827944 0.560811 1 0 0 228-2500-231.dat
1 16 -37.969871 15.426678 8 0 0.835093 0.550108 0 -0.550108 0.835093 1 0 0 228-2500-231.dat
1 16 -41 0 8 0 0.98125 0.192739 0 -0.192739 0.98125 1 0 0 228-2500-231.dat
